2.23499 0.00000 1.11407
2.37613 0.00000 0.94565
1.57508 0.00000 1.46889
2.78974 0.00000 3.07667
2.45342 0.00000 -2.19972
-1.94076 0.00000 -0.57468
-2.09399 0.00000 0.00169
1.92550 0.00000 0.82436
-2.53353 0.00000 0.71156
2.58228 0.00000 -0.79035
-2.64241 0.00000 1.14867
-2.06554 0.00000 1.73022
-2.02436 0.00000 0.73896
2.80493 0.00000 -2.52469
2.89406 0.00000 -0.82596
1.87962 0.00000 -0.10745
2.58668 0.00000 -0.70658
-2.41840 0.00000 -2.75567
-3.04275 0.00000 -1.99470
2.17566 0.00000 -2.14873
2.99113 0.00000 -2.59511
3.12693 0.00000 1.34897
2.78144 0.00000 -1.64094
-1.86016 0.00000 -1.21651
2.64023 0.00000 2.89401
-2.41952 0.00000 -3.10739
-2.68006 0.00000 -2.88179
1.59585 0.00000 -0.58592
2.82790 0.00000 0.70574
-1.74443 0.00000 2.76036
-2.93452 0.00000 -2.19117
-2.32497 0.00000 -0.34831
1.95757 0.00000 0.38348
-1.87759 0.00000 1.11805
1.84382 0.00000 -0.88114
-2.14856 0.00000 -2.98641
-2.83331 0.00000 0.85406
-1.97666 0.00000 -0.61403
-1.98256 0.00000 0.86472
-2.93281 0.00000 -1.09887
2.54355 0.00000 2.64499
-1.59631 0.00000 0.03832
-3.03214 0.00000 -2.40782
1.90747 0.00000 -2.48143
1.60464 0.00000 -2.92320
-2.69536 0.00000 -0.01818
1.72475 0.00000 -3.00813
2.50900 0.00000 -0.22179
-2.96879 0.00000 3.13615
2.52021 0.00000 1.10730
2.51271 0.00000 -0.36500
1.58598 0.00000 1.98779
-1.57404 0.00000 -2.76605
-2.04987 0.00000 2.66531
-2.30582 0.00000 0.27289
1.83912 0.00000 -0.16284
-1.88667 0.00000 0.10803
1.89772 0.00000 -2.97883
2.49707 0.00000 -0.86564
3.01752 0.00000 -0.04431
3.05806 0.00000 2.14269
-2.17230 0.00000 -0.70970
2.92039 0.00000 3.09953
1.84282 0.00000 -0.64477
1.95111 0.00000 1.97673
1.74322 0.00000 1.94543
-1.83019 0.00000 -1.48773
-2.38869 0.00000 -1.62266
-2.83935 0.00000 1.94389
2.52948 0.00000 -3.00571
-2.50486 0.00000 0.34442
-2.58107 0.00000 -0.05897
-2.12167 0.00000 1.58212
-2.43902 0.00000 0.72788
2.01708 0.00000 -1.42477
-1.78915 0.00000 3.10440
2.94404 0.00000 1.59131
-3.03137 0.00000 -2.95024
1.88073 0.00000 -2.49439
1.66925 0.00000 2.83025
2.36029 0.00000 0.06513
-2.61148 0.00000 2.56281
-2.84435 0.00000 -0.56386
2.54510 0.00000 1.68012
2.26906 0.00000 1.47192
-2.33989 0.00000 -2.06424
-2.48307 0.00000 2.63086
-2.06802 0.00000 -3.04514
-2.78124 0.00000 0.02328
-2.02487 0.00000 2.02968
-2.45334 0.00000 0.12018
-2.20228 0.00000 1.72327
2.60906 0.00000 0.41805
-2.56533 0.00000 2.37411
-2.70728 0.00000 -0.50581
-1.83145 0.00000 1.27630
-2.49702 0.00000 1.32380
-1.57093 0.00000 -1.79230
1.80708 0.00000 -2.07085
-3.10717 0.00000 2.34612
