-0.7067 -0.3473 0.6164
-0.5618 -0.4055 0.7211
-0.9948 -0.1017 0.0043
-0.0224 0.3439 0.9387
0.5136 0.3736 0.7724
-0.5068 0.7826 0.3616
0.0015 0.8662 0.4996
-0.6884 -0.6368 0.3473
0.3731 0.4327 0.8208
0.377 -0.3733 0.8476
0.4367 0.1961 0.878
0.8689 -0.1397 0.4748
0.6054 0.6644 0.4382
0.1911 0.2694 0.9439
0.1801 -0.1661 0.9695
0.1022 -0.9472 0.3039
0.3421 -0.4007 0.8499
-0.2491 -0.6131 0.7497
-0.0899 -0.0406 0.9951
0.689 0.4494 0.5686
0.0779 0.1281 0.9887
-0.0143 -0.0032 0.9999
0.3516 0.0247 0.9358
-0.8989 0.3325 0.2853
-0.1178 0.466 0.8769
-0.0226 -0.6606 0.7504
-0.1144 -0.4304 0.8954
0.5528 -0.8329 0.0251
-0.2001 -0.2349 0.9512
0.3665 -0.9142 0.1728
-0.1673 -0.1195 0.9786
-0.2488 0.6851 0.6847
-0.3465 -0.8589 0.3772
0.8573 0.417 0.302
0.7429 -0.6127 0.2696
-0.1295 -0.8276 0.5462
0.2288 0.1993 0.9529
-0.5294 0.7509 0.3948
0.6973 0.5946 0.4002
-0.1846 0.0942 0.9783
-0.2682 0.495 0.8264
0.0383 0.9989 0.0255
-0.0732 -0.0811 0.994
0.5788 0.7455 0.3303
0.2165 0.9757 0.0338
-0.0078 0.4315 0.9021
0.1315 0.9794 0.1533
0.1301 -0.5768 0.8065
0.0009 -0.1719 0.9851
-0.5207 -0.2603 0.8131
0.21 -0.5495 0.8087
-0.9142 0.405 0.0152
-0.3668 -0.9303 0.0032
0.4069 -0.7887 0.461
0.1999 0.7144 0.6706
0.1563 -0.9515 0.2651
0.1025 0.945 0.3106
0.1535 0.9345 0.3211
0.4575 -0.3894 0.7994
0.0055 -0.1236 0.9923
-0.0702 0.0452 0.9965
-0.5372 0.6254 0.5659
-0.0092 0.2192 0.9756
0.5789 -0.7698 0.2687
-0.8531 0.3667 0.3712
-0.9168 0.3605 0.1716
-0.9632 0.0802 0.2565
-0.6828 -0.0354 0.7297
0.2772 -0.1085 0.9547
0.0778 0.5693 0.8184
0.2008 0.5597 0.804
-0.0313 0.5307 0.847
0.852 -0.0096 0.5234
0.4299 0.4824 0.7632
0.8925 -0.1313 0.4316
0.0363 -0.9756 0.2166
-0.1962 0.004 0.9805
-0.0209 -0.108 0.9939
0.5742 0.7598 0.305
-0.3049 0.9473 0.0983
-0.0458 -0.7027 0.71
0.2766 -0.4233 0.8628
-0.1565 0.2475 0.9561
-0.5584 0.0613 0.8273
-0.7622 -0.0756 0.6429
-0.6328 -0.3403 0.6955
0.2991 -0.5339 0.7909
-0.0846 -0.8748 0.477
0.0082 0.3525 0.9358
0.8057 -0.3981 0.4386
0.0762 0.6306 0.7724
0.7978 -0.1226 0.5903
-0.2061 -0.464 0.8615
0.3783 -0.3921 0.8385
-0.2039 0.3681 0.9072
0.9246 0.2805 0.2577
0.5826 0.1469 0.7994
-0.9756 -0.2197 0.0001
0.8532 0.4662 0.2341
0.0246 -0.0241 0.9994
